71186604
72750262
72885814
75679210
75744148
75944858
76560882
76561566
76562513
76706438
76765451
76849028
76929318
77019282
77090921
77197111
77444498
77563116
77593363
77642835
77650368
77960761
78045387
78101086
78124737
78297682
78314649
78393450
78464362
78598869
78720630
78857271
79026328
79114459
79325591
79420192
79420466
79582727
79585484
79763773
79789245
80001602
80091293
80155044
80232377
80253566
80254708
80318079
80324549
80369837
80402476
80668250
80673152
80815724
80868333
80903353
80973623
81026732
81238000
81388320
81443822
81514363
81531547
81586578
81621596
81662351
81841303
81842703
81864745
81913172
81919898
81944917
81953243
82023488
82046134
82050081
82131001
82396023
82450434
82458538
82938774
83084007
83107996
83214534
83217372
83377373
83393271
83441666
83554062
83646199
83672355
83672382
83703097
83741302
83808883
84016523
84056913
84140334
84147906
84208938
84339571
84346867
84453493
84501158
84741886
84743034
84964811
85057732
85058099
85129057
85286350
85582798
85582828
85583490
85932054
86011305
86249283
86271231
86287699
86288221
86289824
86454274
86516744
86548460
86739165
86759599
86787272
86938806
87128515
87226767
87338039
87431322
87432787
87459091
87462747
87534507
87679696
87765625
87787744
87906306
87990477
